2 0
4 1
2 11
4 2
2 4
4 9
2 3
4 1
2 8
4 4
2 77
4 16
2 16
4 6
2 3
4 1
2 4
4 17
2 83
4 7
2 18
4 2
2 0
4 7
2 7
4 3
2 2
6 2
4 4
2 3
4 0
2 2
4 10
2 8
4 2
2 7
4 6
2 5
4 8
2 3
4 1
2 1
4 2
2 5
4 1
2 2
4 1
2 4
4 6
2 0
4 2
2 4
4 3
2 0
4 2
2 7
4 3
2 8
4 3
2 57
4 1
2 3
4 3
2 14
4 17
2 8
4 2
2 20
4 16
2 6
4 1
2 4
4 3
2 5
4 3
2 2
4 1
2 55
4 4
2 3
4 2
2 3
4 1
2 4
4 1
2 8
4 6
2 4
4 4
2 4
4 0
2 3
4 2
2 0
4 2
2 5
4 2
2 4
4 5
6 1
4 6
2 23
4 11
2 11
4 4
2 4
4 1
2 1
4 2
2 4
4 2
2 1
4 4
2 67
4 1
2 2
4 2
2 3
4 2
2 11
4 18
2 7
6 6
2 10
4 18
2 3
4 6
2 13
6 1
2 42
4 4
2 3
4 3
2 0
4 2
2 47
4 2
2 1
4 4
2 5
4 4
2 0
6 1
2 1
4 4
2 4
4 1
2 2
4 2
2 2
4 1
2 1
4 2
2 2
4 3
2 3
4 4
2 2
4 0
2 1
4 3
2 2
4 2
2 2
4 1
2 16
4 4
2 0
4 5
2 7
4 2
2 0
4 2
2 6
4 3
2 3
4 2
2 4
4 1
2 2
4 1
2 4
4 2
2 3
4 2
2 2
4 1
2 25
4 4
2 4
4 2
2 12
4 9
2 5
4 3
2 0
4 6
2 6
4 1
2 1
4 1
2 2
4 3
2 5
4 1
2 10
4 17
2 28
4 1
2 13
4 5
2 0
6 2
2 1
4 1
2 45
4 12
2 7
4 1
2 4
4 1
2 1
4 1
2 4
4 8
2 15
4 2
2 2
4 2
2 4
4 5
2 0
4 2
2 18
4 3
2 3
4 4
2 0
4 1
2 6
4 1
2 5
4 4
2 1
4 3
2 3
4 1
2 62
4 20
2 12
4 2
2 8
4 11
2 59
4 9
2 19
4 7
2 7
4 2
2 1
6 3
4 4
2 2
4 0
2 1
4 4
2 0
4 5
2 21
4 4
2 0
4 5
2 4
4 3
2 3
4 1
2 11
4 4
2 0
4 2
2 0
4 3
2 20
4 2
2 5
4 2
2 5
4 3
2 4
4 3
2 27
4 4
2 16
4 11
2 5
4 6
2 3
4 3
2 3
4 3
2 5
4 3
2 15
4 14
2 6
4 1
2 21
4 1
2 13
4 4
2 0
6 1
4 7
2 8
4 17
2 8
6 11
2 11
4 14
2 4
6 2
2 6
